[89, 48, 146, 42, 203, 46, 12, 197, 194, 153, 105, 40, 43, 50, 128, 22,
                         116, 108, 24, 170, 200, 112, 101, 124, 193, 23, 185, 178, 195, 81, 156,
                         41, 121, 72, 117, 133, 190, 5, 25, 176, 123, 1, 47, 106, 201, 53, 166, 134,
                         122, 209, 115, 107, 54, 99, 67, 69, 10, 151, 147, 74, 173, 64, 139, 28, 148,
                         27, 138, 207, 19, 180, 179, 186, 8, 84, 161, 38, 26, 86, 127, 0, 104, 181,
                         157, 110, 88, 90, 56, 205, 150, 65, 187, 159, 85, 109, 206, 202, 102, 126,
                         158, 204, 7, 16, 155, 118, 39, 145, 125, 76, 77, 183, 57, 192, 4, 141, 21, 83,
                         163, 132, 140, 92, 55, 9, 98, 144, 119, 45, 199, 175, 114, 11, 130, 169, 94,
                         58, 62, 32, 171, 18, 60, 75, 160, 2, 143, 34, 79, 103, 71, 49, 189, 59, 87, 44,
                         100, 164, 35, 177, 93, 95, 33, 113, 13, 165, 20, 17, 6, 182, 162, 168, 36, 97,
                         188, 82, 66, 51, 15, 29, 154, 120, 136, 198, 111, 167, 68, 61, 184, 3, 129, 152,
                         37, 142, 70, 208, 191, 14, 78, 30, 196, 135, 96, 91,]